3
8 -4 -2 10
-4 6 -2 0
-2 -2 10 4

8
4 -1 0 0 -1 0 0 0 0
-1 4 -1 0 0 -1 0 0 0
0 -1 4 -1 0 0 -1 0 0
0 0 -1 4 0 0 0 -1 0
-1 0 0 0 4 -1 0 0 1
0 -1 0 0 -1 4 -1 0 1
0 0 -1 0 0 -1 4 -1 1
0 0 0 -1 0 0 -1 4 1

3
14 4 4 100
4 7 19 100
4 7 18 100

6
4 -1 0 -1 0 0 100
-1 4 -1 0 -1 0 0
0 -1 4 0 0 -1 0
-1 0 0 4 -1 0 100
0 -1 0 -1 4 -1 0
0 0 -1 0 -1 4 0

3
20 -10 -4 26
-10 25 -5 0
-4 5 20 7

9
4 -1 0 -1 0 0 0 0 0 50
-1 4 -1 0 -1 0 0 0 0 50
0 -1 4 0 0 -1 0 0 0 150
-1 0 0 4 -1 0 -1 0 0 0
0 -1 0 -1 4 -1 0 -1 0 0
0 0 -1 0 -1 4 0 0 -1 100
0 0 0 0 -1 0 4 -1 0 50
0 0 0 0 -1 0 -1 4 -1 50
0 0 0 0 0 -1 0 -1 4 150
