3
8 -4 -2
-4 6 -2
-2 -2 10

8
4 -1 0 0 -1 0 0 0
-1 4 -1 0 0 -1 0 0
0 -1 4 -1 0 0 -1 0
0 0 -1 4 0 0 0 -1
-1 0 0 0 4 -1 0 0
0 -1 0 0 -1 4 -1 0
0 0 -1 0 0 -1 4 -1
0 0 0 -1 0 0 -1 4

3
14 4 4
4 7 19
4 7 18

6
4 -1 0 -1 0 0
-1 4 -1 0 -1 0
0 -1 4 0 0 -1
-1 0 0 4 -1 0
0 -1 0 -1 4 -1
0 0 -1 0 -1 4

3
20 -10 -4
-10 25 -5
-4 5 20

9
4 -1 0 -1 0 0 0 0 0
-1 4 -1 0 -1 0 0 0 0
0 -1 4 0 0 -1 0 0 0
-1 0 0 4 -1 0 -1 0 0
0 -1 0 -1 4 -1 0 -1 0
0 0 -1 0 -1 4 0 0 -1
0 0 0 0 -1 0 4 -1 0
0 0 0 0 -1 0 -1 4 -1
0 0 0 0 0 -1 0 -1 4
